1. 가장 최근에 본 영화와 그에 대한 짧은 감상은?
2. 오늘 들은 노래의 제목
3. 오늘의 인상 깊은 사람
4. 내일 점심으로 먹고 싶은 것
5. 내 신체 중에서 가장 맘에 드는 곳
6. 가장 기억에 남는 여행 에피소드
7. 가장 최근에 본 공연과 그에 대한 짧은 감상은?
8.
9.
10.
11.
12.
13.
14.
15.
16.
17.
18.
19.
20.
21.
22.
23.
24.
25.
26.
27.
28.
29.
30.
31.
32.
33.
34.
35.
36.
37.
38.
39.
40.
41.
42.
43.
44.
45.
46.
47.
48.
49.
50.
51.
52.
53.
54.
55.
56.
57.
58.
59.
60.
61.
62.
63.
64.
65.
66.
67.
68.
69.
70.
71.
72.
73.
74.
75.
76.
77.
78.
79.
80.
81.
82.
83.
84.
85.
86.
87.
88.
89.
90.
91.
92.
93.
94.
95.
96.
97.
98.
99.
100.